50,57,74,94,112
57,50,57,74,94
74,57,50,57,74
94,74,57,50,57
112,94,74,57,50
128,112,94,74,57
140,128,112,94,74
147,140,128,112,94
150,147,140,128,112
147,150,147,140,128
140,147,150,147,140
128,140,147,150,147
112,128,150,147,150
94,112,128,140,147
74,94,112,128,140
57,74,94,112,128